#reader(lib"read.ss""wxme")WXME0108 ## 
#|
   This file uses the GRacket editor format.
   Open this file in DrRacket version 7.2 or later to read it.

   Most likely, it was created by saving a program in DrRacket,
   and it probably contains a program with non-text elements
   (such as images or comment boxes).

            http://racket-lang.org/
|#
 33 7 #"wxtext\0"
3 1 6 #"wxtab\0"
1 1 8 #"wximage\0"
2 0 8 #"wxmedia\0"
4 1 34 #"(lib \"syntax-browser.ss\" \"mrlib\")\0"
1 0 36 #"(lib \"cache-image-snip.ss\" \"mrlib\")\0"
1 0 68
(
 #"((lib \"image-core.ss\" \"mrlib\") (lib \"image-core-wxme.rkt\" \"mr"
 #"lib\"))\0"
) 1 0 16 #"drscheme:number\0"
3 0 44 #"(lib \"number-snip.ss\" \"drscheme\" \"private\")\0"
1 0 36 #"(lib \"comment-snip.ss\" \"framework\")\0"
1 0 93
(
 #"((lib \"collapsed-snipclass.ss\" \"framework\") (lib \"collapsed-sni"
 #"pclass-wxme.ss\" \"framework\"))\0"
) 0 0 43 #"(lib \"collapsed-snipclass.ss\" \"framework\")\0"
0 0 19 #"drscheme:sexp-snip\0"
0 0 29 #"drscheme:bindings-snipclass%\0"
1 0 101
(
 #"((lib \"ellipsis-snip.rkt\" \"drracket\" \"private\") (lib \"ellipsi"
 #"s-snip-wxme.rkt\" \"drracket\" \"private\"))\0"
) 2 0 88
(
 #"((lib \"pict-snip.rkt\" \"drracket\" \"private\") (lib \"pict-snip.r"
 #"kt\" \"drracket\" \"private\"))\0"
) 0 0 55
#"((lib \"snip.rkt\" \"pict\") (lib \"snip-wxme.rkt\" \"pict\"))\0"
1 0 34 #"(lib \"bullet-snip.rkt\" \"browser\")\0"
0 0 25 #"(lib \"matrix.ss\" \"htdp\")\0"
1 0 22 #"drscheme:lambda-snip%\0"
1 0 29 #"drclickable-string-snipclass\0"
0 0 26 #"drracket:spacer-snipclass\0"
0 0 57
#"(lib \"hrule-snip.rkt\" \"macro-debugger\" \"syntax-browser\")\0"
1 0 26 #"drscheme:pict-value-snip%\0"
0 0 45 #"(lib \"image-snipr.ss\" \"slideshow\" \"private\")\0"
1 0 38 #"(lib \"pict-snipclass.ss\" \"slideshow\")\0"
2 0 55 #"(lib \"vertical-separator-snip.ss\" \"stepper\" \"private\")\0"
1 0 18 #"drscheme:xml-snip\0"
1 0 31 #"(lib \"xml-snipclass.ss\" \"xml\")\0"
1 0 21 #"drscheme:scheme-snip\0"
2 0 34 #"(lib \"scheme-snipclass.ss\" \"xml\")\0"
1 0 10 #"text-box%\0"
1 0 32 #"(lib \"text-snipclass.ss\" \"xml\")\0"
1 0 1 6 #"wxloc\0"
          0 0 60 0 1 #"\0"
0 75 1 #"\0"
0 12 90 -1 90 -1 3 -1 0 1 0 1 0 0 0 0 0 0 0 0 0 0 0 255 255 255 1 -1 0 9
#"Standard\0"
0 75 10 #"Monospace\0"
0 12 90 -1 90 -1 3 -1 0 1 0 1 0 0 0 0 0 0 0 0 0 0 0 255 255 255 1 -1 2 1
#"\0"
0 -1 1 #"\0"
1 0 -1 -1 -1 -1 -1 -1 0 0 0 0 0 0 1 1 1 1 1 1 0 0 0 0 0 0 -1 -1 2 24
#"framework:default-color\0"
0 -1 1 #"\0"
1 0 -1 -1 -1 -1 -1 -1 0 0 0 0 0 0 0 0 0 1 1 1 0 0 0 0 0 0 -1 -1 2 1
#"\0"
0 -1 1 #"\0"
1 0 -1 -1 -1 -1 -1 -1 0 0 0 0 0 0 0 0 0 1 1 1 150 0 150 0 0 0 -1 -1 2 15
#"text:ports out\0"
0 -1 1 #"\0"
1 0 -1 -1 -1 93 -1 -1 0 1 0 0 0 0 0 0 0 1 1 1 150 0 150 0 0 0 -1 -1 2 1
#"\0"
0 -1 1 #"\0"
1.0 0 -1 -1 93 -1 -1 -1 0 0 0 0 0 0 0 0 0 1.0 1.0 1.0 255 0 0 0 0 0 -1
-1 2 15 #"text:ports err\0"
0 -1 1 #"\0"
1 0 -1 -1 93 -1 -1 -1 0 1 0 0 0 0 0 0 0 1 1 1 255 0 0 0 0 0 -1 -1 2 1
#"\0"
0 -1 1 #"\0"
1 0 -1 -1 -1 -1 -1 -1 0 0 0 0 0 0 0 0 0 1 1 1 0 0 175 0 0 0 -1 -1 2 17
#"text:ports value\0"
0 -1 1 #"\0"
1 0 -1 -1 -1 93 -1 -1 0 1 0 0 0 0 0 0 0 1 1 1 0 0 175 0 0 0 -1 -1 2 1
#"\0"
0 -1 1 #"\0"
1.0 0 92 -1 -1 -1 -1 -1 0 0 0 0 0 0 0 0 0 1.0 1.0 1.0 34 139 34 0 0 0 -1
-1 2 27 #"Matching Parenthesis Style\0"
0 -1 1 #"\0"
1.0 0 92 -1 -1 -1 -1 -1 0 0 0 0 0 0 0 0 0 1.0 1.0 1.0 34 139 34 0 0 0 -1
-1 2 1 #"\0"
0 -1 1 #"\0"
1 0 -1 -1 -1 93 -1 -1 0 1 0 0 0 0 0 0 0 1 1 1 38 38 128 0 0 0 -1 -1 2 37
#"framework:syntax-color:scheme:symbol\0"
0 -1 1 #"\0"
1 0 -1 -1 -1 93 -1 -1 0 1 0 0 0 0 0 0 0 1 1 1 38 38 128 0 0 0 -1 -1 2 38
#"framework:syntax-color:scheme:keyword\0"
0 -1 1 #"\0"
1 0 -1 -1 -1 93 -1 -1 0 1 0 0 0 0 0 0 0 1 1 1 38 38 128 0 0 0 -1 -1 2 1
#"\0"
0 -1 1 #"\0"
1 0 -1 -1 -1 93 -1 -1 0 1 0 0 0 0 0 0 0 1 1 1 194 116 31 0 0 0 -1 -1 2
38 #"framework:syntax-color:scheme:comment\0"
0 -1 1 #"\0"
1 0 -1 -1 -1 93 -1 -1 0 1 0 0 0 0 0 0 0 1 1 1 194 116 31 0 0 0 -1 -1 2 1
#"\0"
0 -1 1 #"\0"
1 0 -1 -1 -1 93 -1 -1 0 1 0 0 0 0 0 0 0 1 1 1 41 128 38 0 0 0 -1 -1 2 37
#"framework:syntax-color:scheme:string\0"
0 -1 1 #"\0"
1 0 -1 -1 -1 93 -1 -1 0 1 0 0 0 0 0 0 0 1 1 1 41 128 38 0 0 0 -1 -1 2 35
#"framework:syntax-color:scheme:text\0"
0 -1 1 #"\0"
1 0 -1 -1 -1 93 -1 -1 0 1 0 0 0 0 0 0 0 1 1 1 41 128 38 0 0 0 -1 -1 2 39
#"framework:syntax-color:scheme:constant\0"
0 -1 1 #"\0"
1 0 -1 -1 -1 93 -1 -1 0 1 0 0 0 0 0 0 0 1 1 1 41 128 38 0 0 0 -1 -1 2 1
#"\0"
0 -1 1 #"\0"
1 0 -1 -1 -1 93 -1 -1 0 1 0 0 0 0 0 0 0 1 1 1 132 60 36 0 0 0 -1 -1 2 49
#"framework:syntax-color:scheme:hash-colon-keyword\0"
0 -1 1 #"\0"
1 0 -1 -1 -1 93 -1 -1 0 1 0 0 0 0 0 0 0 1 1 1 132 60 36 0 0 0 -1 -1 2 42
#"framework:syntax-color:scheme:parenthesis\0"
0 -1 1 #"\0"
1 0 -1 -1 -1 93 -1 -1 0 1 0 0 0 0 0 0 0 1 1 1 132 60 36 0 0 0 -1 -1 2 1
#"\0"
0 -1 1 #"\0"
1 0 -1 -1 -1 93 -1 -1 0 1 0 0 0 0 0 0 0 1 1 1 255 0 0 0 0 0 -1 -1 2 36
#"framework:syntax-color:scheme:error\0"
0 -1 1 #"\0"
1 0 -1 -1 -1 93 -1 -1 0 1 0 0 0 0 0 0 0 1 1 1 255 0 0 0 0 0 -1 -1 2 1
#"\0"
0 -1 1 #"\0"
1 0 -1 -1 -1 93 -1 -1 0 1 0 0 0 0 0 0 0 1 1 1 0 0 0 0 0 0 -1 -1 2 36
#"framework:syntax-color:scheme:other\0"
0 -1 1 #"\0"
1 0 -1 -1 -1 93 -1 -1 0 1 0 0 0 0 0 0 0 1 1 1 0 0 0 0 0 0 -1 -1 2 16
#"Misspelled Text\0"
0 -1 1 #"\0"
1 0 -1 -1 -1 -1 -1 -1 0 0 0 0 0 0 0 0 0 1 1 1 0 0 0 0 0 0 -1 -1 2 1
#"\0"
0 -1 1 #"\0"
1 0 -1 -1 -1 93 -1 -1 0 1 0 0 0 0 0 0 0 1 1 1 81 112 203 0 0 0 -1 -1 2
38 #"drracket:check-syntax:lexically-bound\0"
0 -1 1 #"\0"
1 0 -1 -1 -1 93 -1 -1 0 1 0 0 0 0 0 0 0 1 1 1 81 112 203 0 0 0 -1 -1 2 1
#"\0"
0 -1 1 #"\0"
1 0 -1 -1 -1 93 -1 -1 0 1 0 0 0 0 0 0 0 1 1 1 178 34 34 0 0 0 -1 -1 2 28
#"drracket:check-syntax:set!d\0"
0 -1 1 #"\0"
1 0 -1 -1 -1 93 -1 -1 0 1 0 0 0 0 0 0 0 1 1 1 178 34 34 0 0 0 -1 -1 2 37
#"drracket:check-syntax:unused-require\0"
0 -1 1 #"\0"
1 0 -1 -1 -1 93 -1 -1 0 1 0 0 0 0 0 0 0 1 1 1 255 0 0 0 0 0 -1 -1 2 36
#"drracket:check-syntax:free-variable\0"
0 -1 1 #"\0"
1 0 -1 -1 -1 93 -1 -1 0 1 0 0 0 0 0 0 0 1 1 1 255 0 0 0 0 0 -1 -1 2 1
#"\0"
0 -1 1 #"\0"
1 0 -1 -1 -1 93 -1 -1 0 1 0 0 0 0 0 0 0 1 1 1 68 0 203 0 0 0 -1 -1 2 31
#"drracket:check-syntax:imported\0"
0 -1 1 #"\0"
1 0 -1 -1 -1 93 -1 -1 0 1 0 0 0 0 0 0 0 1 1 1 68 0 203 0 0 0 -1 -1 2 47
#"drracket:check-syntax:my-obligation-style-pref\0"
0 -1 1 #"\0"
1 0 -1 -1 -1 93 -1 -1 0 1 0 0 0 0 0 0 0 1 1 1 178 34 34 0 0 0 -1 -1 2 1
#"\0"
0 -1 1 #"\0"
1 0 -1 -1 -1 93 -1 -1 0 1 0 0 0 0 0 0 0 1 1 1 0 116 0 0 0 0 -1 -1 2 50
#"drracket:check-syntax:their-obligation-style-pref\0"
0 -1 1 #"\0"
1 0 -1 -1 -1 93 -1 -1 0 1 0 0 0 0 0 0 0 1 1 1 0 116 0 0 0 0 -1 -1 2 48
#"drracket:check-syntax:unk-obligation-style-pref\0"
0 -1 1 #"\0"
1 0 -1 -1 -1 93 -1 -1 0 1 0 0 0 0 0 0 0 1 1 1 0 0 0 0 0 0 -1 -1 2 1
#"\0"
0 -1 1 #"\0"
1 0 -1 -1 -1 93 -1 -1 0 1 0 0 0 0 0 0 0 1 1 1 139 142 28 0 0 0 -1 -1 2
49 #"drracket:check-syntax:both-obligation-style-pref\0"
0 -1 1 #"\0"
1 0 -1 -1 -1 93 -1 -1 0 1 0 0 0 0 0 0 0 1 1 1 139 142 28 0 0 0 -1 -1 2
26 #"plt:htdp:test-coverage-on\0"
0 -1 1 #"\0"
1 0 -1 -1 -1 93 -1 -1 0 1 0 0 0 0 0 0 0 1 1 1 0 0 0 0 0 0 -1 -1 2 1
#"\0"
0 -1 1 #"\0"
1 0 -1 -1 -1 93 -1 -1 0 1 0 0 0 1 0 0 0 0 0 0 255 165 0 0 0 0 -1 -1 2 27
#"plt:htdp:test-coverage-off\0"
0 -1 1 #"\0"
1 0 -1 -1 -1 93 -1 -1 0 1 0 0 0 1 0 0 0 0 0 0 255 165 0 0 0 0 -1 -1 4 1
#"\0"
0 70 1 #"\0"
1.0 0 -1 -1 -1 -1 -1 -1 0 0 0 0 0 0 1.0 1.0 1.0 1.0 1.0 1.0 0 0 0 0 0 0
-1 -1 4 4 #"XML\0"
0 70 1 #"\0"
1.0 0 -1 -1 -1 -1 -1 -1 0 0 0 0 0 0 1.0 1.0 1.0 1.0 1.0 1.0 0 0 0 0 0 0
-1 -1 2 37 #"plt:module-language:test-coverage-on\0"
0 -1 1 #"\0"
1 0 -1 -1 -1 93 -1 -1 0 1 0 0 0 0 0 0 0 1 1 1 0 0 0 0 0 0 -1 -1 2 38
#"plt:module-language:test-coverage-off\0"
0 -1 1 #"\0"
1 0 -1 -1 -1 93 -1 -1 0 1 0 0 0 1 0 0 0 0 0 0 255 165 0 0 0 0 -1 -1 4 1
#"\0"
0 71 1 #"\0"
1.0 0 -1 -1 -1 -1 -1 -1 0 0 0 0 0 0 1.0 1.0 1.0 1.0 1.0 1.0 0 0 0 0 0 0
-1 -1 4 1 #"\0"
0 -1 1 #"\0"
1.0 0 -1 -1 -1 -1 -1 -1 1 0 0 0 0 0 0 0 0 1.0 1.0 1.0 0 0 255 0 0 0 -1
-1 4 1 #"\0"
0 71 1 #"\0"
1.0 0 -1 -1 -1 -1 -1 -1 1 0 0 0 0 0 0 0 0 1.0 1.0 1.0 0 0 255 0 0 0 -1
-1 4 1 #"\0"
0 71 1 #"\0"
1.0 0 -1 -1 -1 -1 -1 -1 0 0 0 0 0 0 0 0 0 1.0 1.0 1.0 0 100 0 0 0 0 -1
-1 4 1 #"\0"
0 71 1 #"\0"
1.0 0 -1 -1 93 -1 -1 -1 0 0 0 0 0 0 0 0 0 1.0 1.0 1.0 255 0 0 0 0 0 -1
-1 2 1 #"\0"
0 70 1 #"\0"
1.0 0 -1 -1 93 -1 -1 -1 0 0 0 0 0 0 0 0 0 1.0 1.0 1.0 148 0 211 0 0 0 -1
-1 2 1 #"\0"
0 70 1 #"\0"
1.0 0 -1 -1 -1 -1 -1 -1 1 0 0 0 0 0 0 0 0 1.0 1.0 1.0 0 0 255 0 0 0 -1
-1 4 1 #"\0"
0 -1 1 #"\0"
1.0 0 92 -1 -1 -1 -1 -1 0 0 0 0 0 1 0 0 0 0 0 0 0 0 0 255 255 0 -1 -1 2
1 #"\0"
0 -1 1 #"\0"
1 0 -1 -1 -1 -1 -1 -1 0 0 0 0 0 0 0 0 0 1 1 1 200 0 0 0 0 0 -1 -1
          0 25 0 28 3 12 #"#lang racket"
0 0 24 29 1 #"\n"
0 0 24 3 1 #"("
0 0 15 3 7 #"require"
0 0 24 3 1 #" "
0 0 14 3 11 #"2htdp/image"
0 0 24 3 1 #")"
0 0 24 29 1 #"\n"
0 0 24 3 1 #"("
0 0 14 3 11 #"place-image"
0 0 24 3 2 #"  "
0 2          35 21 1 #"\0"
2 -1.0 -1.0 0.0 0.0 0          12 500
(
 #"\211PNG\r\n\32\n\0\0\0\rIHDR\0\0\0'\0\0\0F\b"
 #"\6\0\0\0O\v\215\312\0\0\26\267IDATh\201m\232\333\217\\\327\225"
 #"\336\177\373vnU\325w\212lR\262%\331\262G\226l\217=v\f[F\0"
 #"\0033\230I\346)@\376\201\274&\377\204\377\211 @\202q\6y\312\355!\6"
 #"\34\214'\223D\231\3041`e\22\313\243\221DS\226d\212M\266\232dwW"
 #"uU\235\313\276\346a\237*\2662)\240A\262y\352\234u\326Z\373[\337\367"
 #"\355-|\f)\0021\202K\20R\302%\210I\340IX\353\21J\22\bxo"
 #"!D\20\21\357\35\235\35h\232\t\3269BH\b!\320\272@\bA\n\220R"
 #"\242\256k\352\272FJX\255V\254\327Kb\214(-\20B\320\230\32\200\30#"
 #"1FRJ\0\b!\20\336\373\224\4\204$HH\274\200\4\4\1\1\30lB"
 #"\31\201\20\371\6\211\200\226\n)\4\201H;\f \4\22\5R \222$\306\210"
 #"\367\371aRJ\244\224\304\350\31\206\201\20\34\0)8\234s\210$QJ!\245"
 #"\334\6\271\r.x\233\22\222\204$\nA\20\220\306\300\362;<\373X\3009\v"
 #"1!\344\370K\245@J4\222\0\20!\204H\214\371AB\344\fA\316\212\20"
 #"9\303)zB\b\\]\255\320Zc\214\1\300{\377\354{)\372\224R\312\301"
 #"%\201G\344\300\4\370\361\371\233 c\n\343[\201H\371\32\353\3HAJ\""
 #"\337\24\205R\n! %\360~\223\275\\f\37,\336{\204H(\245p.\240"
 #"\265FJI\b\1km\316\250\20hRN!\21\4\240I\b\4)\201\220\20"
 #"c\302\207\220K\244\4RJRL\204\20\3601\242\215!\2!&R\210$\362"
 #"}\202OXk\321Z\323;\a\"b\214\311A\206\210\17\16\a(\243\t\301\341"
) 500
(
 #"\307\353\255\335\4/\20\311\273\224\263#"
 #"s\272\205\200\34+\211g\177\206\bR"
 #"\216\17\216\220\b\304\224\260.\202\222X"
 #"\353Y.\227\264\353\236n\350iW\35"
 #"\313\365\212B\e\332\276\243(4w\356"
 #"\334\341\370\370&eY\342\203\305\205\200"
 #"\365\216\224\322\330\247\271\324\233\262\352\374"
 #"\370\361u\205\0\344\366\355\23\2\5\304"
 #"\4\210D\212\t7\336\240(\n\214\322"
 #"\334\275\373>Jk\206\301\361\344\311\23"
 #"\316\317/Yw\35\301\6zg\31\332"
 #"\216(\340\271\347\216\230M\246\34\354\357"
 #"\"\307\36\324R\"LAH\221\20ry7\237\30#\2321S\244q9\247D"
 #"\332\374\b(LA\360\201\256m9\237_rvv\306\345\345%RJ\232f\312"
 #"\a\37\177LQ\225\370!p\366\3441"
 #"\227\227\v\220\202\331d\207\242,)\212"
 #"\202\331l\306\347_x\201[\267nQ\226%\3030\0\221\246i\210DH \21"
 #" \5JH\"\271E4Rm\333>\245\204\326\222\371|\316\336\336\36\213\305\202"
 #"\236\216\262,\261\303\300r\276\340\356\273"
 #"\357qqq\301\313/\177\221ap\\]\316\271X\314i\227-I\b\244\324\204"
 #"\249o\237\242\214Fk\315\215\e7"
 #"x\343\215\357Q\32\370\325;\357\363\362"
 #"\313/\23\202c\275^#\224\300\247\b"
 #"!\22H\210\230\210c\357\210\301\331d"
 #"\264\"!\360\336Rh\203\367\36\255\24"
 #"\313\345\22\204b>\237\363\316;\357\362"
 #"\340\301\3\244R\274\372\352k\34\37\37"
 #"\363\376\257\357\261\273\273\313G\277\375\230"
 #"\217?\276O\333\266\b\0246x\272n\3009GYW\354\355\355\361\225\327_\345"
 #"\225W^\341\326\255\347\230N\247\314\347"
 #"\27\34>w\203\253\253\305\337\2\340M\345D\37cRB\214\225M(\4\0}"
 #"\327\241\224b\261X\360\301\a\37pv\366\204\335\335]\232"
 #"\311\f!$>FNNNPJ\361\311'\237p\377\376\3"
) 500
(
 #"\326]\213\222\31\257l\30\e<E\246\323)\323\235\tGGG|\377\373\337\343"
 #"\325W_e\322\24\0\310q\301m\372"
 #"|\333s\200\376\345;\177\203\224\340\254"
 #"\305HE\241\r\245Q|\370\341\207\34"
 #"\337\274\305\305\305\5\217\37?\346\342b"
 #"\316\373w\357qy9'\244\f\254\347\347\347\30\243\30\206\1\347B^u)?"
 #"B\232\202\262,\t!\322\367=R\v"
 #"\356\335\273G\327\255\261\326\362\275\357~"
 #"{\e\204H90)\236\5\250\0\275\352{\272\256\305[KS\225h\245\210\316"
 #"\363\364\342\202\2337o\362\340\344\21\357"
 #"\276\373nF\362\262 \370\210\v\21;x\272\256CI0FQ\226\25\0\203\365"
 #"8\347H!lW\365r\271$\211\210R\212Gg\237\362\347\377\371/(\352\202"
 #"/\177\361\25fM\223\203\23\237\r\16@G\22!%|L$!\t\21\6g"
 #"\271q\363\0267\217\217\371\3727~\217"
 #"\37\375\350G\274\375\366_\243\264!D\317\362jMJ\202[wn\323\267+D"
 #"\212H\251\21B`\212*c\3268V\372\276\247\254*\274\367 %\273\323)\217"
 #"\37?\346'?\371\t\356\367\377\200\376j\t)!\23$)\320B\202\222(\4"
 #"\372\311\371%1\372<Z\226\36#$"
 #"\321;~\347\313_\346\340\350\6\377\372"
 #"\337\376\e~\363\321\207\204\30\271\272\270"
 #" F\330\337\337\37q\355\234\331\244$\245<1\224Rh\243QJ\21\20\204\20"
 #"\30\234\245,Kb\362t\303@\337\367"
 #"4\223\t\367\37|\302[o\275\305\267"
 #"\277\366u\222w\304\21|\223\210\bd"
 #"\356\271w\337}\237\252*\320B\342\335"
 #"@\2414\205\321|\351\225WX\254\226\b!\350\373\36\357\3\306\30BH\4\353"
 #"\b!\260;\235\21\303\2001\206Bk\"\222\224\"\301\207<qR\342"
 #"p\177\217\263'\217)\353\n\243\24\247\217\3168>>&:\301\311\311#"
) 500
(
 #"\276\373{\337\"\221\360@\na\304\331"
 #"\210B w\212\t\363\263s\372\325\232"
 #"\325\342\212\363\247Oy\374\351\31\357\275"
 #"\367\36\313\371\202\335\331\16Fi\206\256G$0JCJTBQH\221\313\21"
 #"\2\336:\242\35\20\301SH\301\244P\314\232\202RIn\35\35\242\222@F\320"
 #"I\263\276jy\376\370\5N\37=\341\344\364\224zo\217.F\364d\302\344\340"
 #"\200\235\243#\314t\212\356\332\226i3!zOmj\264\221,\26\v\326\2135"
 #"\357\275\367\36\367\356\376\232\365\272cg:EJI\273\356\t\321\1\22-G\b"
 #"\n\22106\274\222\2%\5\202\4!P\26\232\252\250QB\23\"\304p\305\320"
 #"Y./\226\204\20\371\305[\177\305\340,]\327Q\3275\b\301j\265\242,K"
 #"\264\355;\216\217\217\231\317/H!0k&\24Jstt\304j\265\312e\f"
 #"\201\301\345\325\347\\\240\256kb\204\266"
 #"\357(\vMJ\21)\310\314`\4\321\ri\354\272\216\311lJUU\b\251I"
 #"B\362\370\351\23V\353+\252\252\242m{N\37\235\221R\302M\3{{{\244"
 #"\0\336\6\364\361s7\371\316\267\276\315"
 #"\336\376\16\3169\252\252\340\354\354\214\266"
 #"]\363\341\207\37\216\234\313\261^\265\31"
 #"\277\344\265\341,\"\310\224\231\351\30T"
 #"\30!D\312\314p\235\3650I\224Z"
 #"a\252\212\246i\350\373\236\371\325\222\311"
 #"t\306\345\345%7n\264|\363\233\337"
 #"d\30\6\332\266e\275\356\250\252\n\375O\376\361?\332>l\265rT\225a\332"
 #"Lxp\362\t/<\377<\277|\373m\326m\213\324\212\252\252\30\6\307\272k"
 #"\221BS\325\3058r\22Bd\312\345}\346cF*RY`\212\2)\345\310"
 #"\206a2\2310\333\231ryy\211s\216\303\303C\316\317/\21B"
 #"QU\reY\3234S\36>|\210\226\tV]\242i\4\353\365\232"
) 500
(
 #"\237\377\374\227\334\275{\227fRs\347"
 #"\316\35\366\367\367\307\240\354\226gE\300"
 #"\2478\222B F\344H\307\205\310\20\22]\246V\203\312|Mi\203\220\31f"
 #"f\315\204B+\272vM\327\267(%"
 #"(\212\202\311\244\346\344\344\21m\273\302"
 #"9\207\26\300;o\347\200NOO\351"
 #"\3725)%\366\16\16\270\373\376\177\345"
 #"\371\317\275\200\326\206v\30h\207\36\222"
 #"\244\2543\250\256\273\216\211\321D\357!"
 #"%\312\262\244\324%\311\a\326\3552\337"
 #"+f(*\312\222\bT\223\206\331\316\36\263\331\204\313\253\5BH\36?>\343"
 #"\3157\377\v\337\370\306\327\351\333\36-"
 #"\5\207\373{\250\233\317}\356\207\367\177"
 #"\373[\316\317\317s\332\247\r\267o\337"
 #"\346\305\227^\342W\277\372\25\217NO"
 #"Y,\26\324\223\6)%\275\265\2311\247D\b\16\225\22\316:\244\0204ME"
 #"]U\204\230\351P\333\266\24\246\304("
 #"\205)J\274s\314fS\16\16\17\351\272\236\266]\202\210tC\207\265=/\275"
 #"\374\"}\267\6\22_\370\302K\350\371\374\202\335\335]\"\25GGG|\365\365"
 #"\257s\347\316\35\216n\356\362\247\177\372"
 #"\257p\301#\204\242\357,RJ\312\312\260!\357Zkl?\240\205\244mW\b"
 #"\221(o\230\254\246\224fg:AJ\205\17\26\331Kvv\3670J\343m\317"
 #"\341\336.\253\325\234\213\345\234\272.\270"
 #"Z\\\360\360\344>?\370\301\17x\361"
 #"\305\27\271\363\334M\364\376\376>\273\373"
 #"{|\347K_\342\365\327_\2470\2k\331J\273\215\366L#\337J!d\246"
 #"\232\0222$d\210\270\24\2101\340\275g\260\35EQ\260\2633\305Z\31308"
 #"\304(\236d\212\244\30 &\352\252\310\213ayNL\36\357-\17\37>\340\273"
 #"\177\347;\e\352\213\376\243\277\377GLww\330\337\233"
 #"\21#\254\272@\323dv\254\224\301\371\bI\"3V"
) 500
(
 #"\20C \244H\214\1\231\240\24\n\357"
 #"}\326\32\316\323\255[\352\262bo\266"
 #"\303j\265\202\20\261\"Q\24\232\242("
 #"\20\"a\355\200\326\232\272, D\224\220\30c8;;\343\341\303\a\274p\347"
 #"\5\254w\310\27>\177\207\246iF\f"
 #"\3\255\25\213E\317o~\363\220\243\243\243\255b\337\250r)%ZH\214Th"
 #"\245\266\232S)\265e!!8\264\326"
 #"\317\264\210\17\210\230\320J\240\20\304\340"
 #"\360.\257\342\242(\210\21R\312\332\367"
 #"O\376\344_\322\366=\205.\320\t(\nE\2.\347+\36<x\310\a\37|"
 #"\300\303\223S\346\213\5)F\204\224Y"
 #"\200\b\201\220\212\210\0\221\3\25!\345"
 #"\340d\306\261<E\\V\356\311\23\274\305\272\36Z(\352bd.\22\2554Q"
 #"i\224,\350;\207\265\216I\263\303\333"
 #"\277|\207\313\213+&\267+\264K\340"
 #"\234\347\335w\337\343\355\377\375\177x\364"
 #"\350Sb\214\4\237\270\272\272\312\301\t"
 #"\2215\353\270JSJ\310\221{\205\344G/$\200\210(4\3169\272~\r\300"
 #"t:\5\300\371\310r\276\300\332L\317"
 #"\344\216&\n\311\345\371\234\30$e1"
 #"\301\16\221\350\340\337\377\273\377\300W^"
 #"}\25\375\346_\276\311\275{\277\341\344"
 #"\344!\a{\373\350\242@k\315\316d\207\323\3233N\37>B\312\200\2219s"
 #"\244\210H)7\271\214()\221B\340zGL\236B\el\327\223\234\245(\n"
 #"\232\246A\bA\333wt]G\277\260"
 #"\30\243\320\205!\n\303\325\325\212\262\231"
 #"a\214\301;Op\221?\373\263\377\304"
 #"\335\367\356!\377\343\237\377\5\367>\372"
 #"\b\264a\266\267\217*K^|\371\v\374\316k\257\263^\257\267+3\245\4b"
 #"\\\261)\"FcF\e\223y\36\2110\322\337a\30X\267=)\t\254\365"
 #"H\251)\213\32)\3648{SV\352)Q\26\331\2k\333>\367m\312\213"
) 500
(
 #"\303\271\200\376\303\177\360\17Y_-\221"
 #"RR\25%7\366\17\370\335\327\276HJ\360O\377Y\326\261\203\265xo)\313"
 #"L*S\312K\35!H\"b\355\200"
 #"\324\331\300i\273\201\30\34\323\272\301\371"
 #"\310\255\2337\270\177\377\376\310\210kR"
 #"\228\27\30\6G\357{\234\37\0201\344\36\364\16S(R\212\234\236=B\333"
 #"\30\331=<dog\227`\35Z\e\36>^\200\vL\247\r\253\253\5\210x"
 #"\215\n\205\255\225\25B\240\357{\234s9\v\243\342R\252aw2egg\207"
 #"\305b\211\324\206IQ\2164\312\242\224"
 #"\"\306\230E\365\326\"\e\253C\334\376"
 #"[\237\236<d2\231\360\363\237\375O"
 #"\356\177\3641C\333\362\332\253\257\262S"
 #"O\270\270\270\310_\226\0221~y\303"
 #"\323\242\30\351\264R[O-k\200\314"
 #"\351\274\317f\341r\271\244\252*&\223"
 #"\t\355\320#\355\200T\n\353\34\363\305\"/&)\210\"WC0*0\1\332"
 #"\r\2267~\377\17\370\273\337}\203\223"
 #"\a\237\360\243\177\376/\370\331\177\377KdL\34\35\354sy~NJ\n\221\362"
 #"\303}L\327\336\26\2141\304\20p\243\210\216\316#\205`\350\373mfLU\""
 #"\264\242\240\244\362\236(`\331\256Y\256"
 #"W \324\266*\271\"bK\261\324\313"
 #"_\371\332\17\237>y\202\321\212\257\276"
 #"\366\32\337\177\343\rvwv\260\375@"
 #"\360\216\256m\221c\326\274\367\270\340I"
 #"\200\224\n\205$\305\254\37\274\367\210\230"
 #"\266\272S\bA\2\2641\31\333t\246KI\nz;p\265\274b\331u$\251"
 #"IB\220r\27\303h\373\"\4\352\313"
 #"\277\373\255\37.\346s\232\252\346o\376"
 #"\372\35\216\16\366\211\336\362\334\341!\217"
 #"N>a>\226\366\31\313\335\370\235d\3735\345\376\220\243\t\271y\363M0"
 #"\306\230l7\244\4J\342\202\347j\271"
 #"\344j\271$\244D\22\331\247\271\356\223"
) 500
(
 #"l>\272o;\nmX/\227\374\257_\274\305j~\311\347_x\236\303\303C"
 #"\206a \306\210)2\313\220<s\272S\4\237<\312\310,\250\265\332Rt\222"
 #" \305lD\306$PBaCdX\265\f\316\262X\255i\a\2136\305\330\247"
 #"\374\255O\214\21]j\303\320\265\234>|DS\25<\270\377[\16v\247\f\353"
 #"\25]\327\302\350\335\26*\317\320$\344va\204\2301M+\225g\346\270(\0"
 #"\222L E\246\354UI\"\v\242U\327\322v\35>\4T)\210!\343\335\346"
 #"\363\231)$H,\236^@\210,.\347\270\301\342\372\201\20<\355zI\277^"
 #"\321\224\305\26\\\253\252\242(\212l_"
 #"$A\337\17\364\303\200\r\271\321Q\222"
 #"@\302zG\337\367y:\264-\363\371"
 #"\234\213\213\v\226\313,\324\213\242\300{"
 #"\217\224\243\235+2\214\244\24F8I\350a\335r\260\277\317b~\201\ez\224"
 #"H|\364\321\207|\357\273\337\241\256k"
 #"\324\201\340\321\243G\334\274y\274]\235"
 #"Z\27HU\"\210\264J\20\275\307\272l)d\252\245HZ\243\205\344b1\317"
 #"\236r\212\270\230U\231)\n\204V\304"
 #"\230\350\332\201\242\252Q\"\367c\n\21\251$\"\201,M\301rqE\364\1?"
 #"\272\331_x\371eNO\36\262\277;\343k_}\r\255\24M\323\240\265&\306"
 #"\310\340\262\35o]`\272\263C3\235`\312\2!%1e\367}\260\226\256\357"
 #"\31\2569\344\233\227SJmW\177\b\2018R*\221\262\322$f\207Sw\253"
 #"5MU\360\364\3541\207\373{xg\371\342K/2_\\\360\334\315\37\360\311"
 #"o\357stt\300r\271\300\305\200\216\ee\257\221\22\224N(\243(\352\212`"
 #"s)\207\256\337\356'lLh!\4\245)(\252\n\204 \16"
 #"\331\371\324R\22\254\303\e\250\253\n)\345\226r\351\350\3\227\27\27"
) 500
(
 #"\334\276}\233\345\342\234\365z\305t2"
 #"a\350[\376\370\217\377\36?\376\361\217"
 #"9<<\344\177\374\354\347\224>\340\254\307\372@7t\244\24(KCY\31\352"
 #"\252&\225\25\312\24hm06K\311"
 #"\325\3252\23\204\302\240\265\241,*\220"
 #"\202\30\23U\210H\24\326Z\232\272\344"
 #"\366\355c\212\242\340\342\342\202\305b\201"
 #"z\361\245/\377\360\350\350\220O\37\236"
 #"\0\211I]szz\302\235;\307\234"
 #"\234\234\360\323\237\376\224\256k\371\305["
 #"\177\205u\236\256\355\220\322\240\214\241(\f\353nML\243;4\216\36c\fM"
 #"]3\235N\261\303\220\31\264\222y{`d\3101d\347\2760\231\242\35\34\34"
 #"\360\374\363\317\263\267\267\207\367>o\260"
 #"4U\301\331\243S\214Q\364}\307tR\361\370\361c\376\333\233oru5\307"
 #"\24\25\213\305\"\213\353\311\224\276\e2"
 #"\270\226\345\266\371\355X\6\2434MYQ\232\2\243\24B\bn\334\270\221K="
 #"\f\243#\340\361#\344h\251\220\t\232"
 #"\272aR\325\370\301\342\aK\362!\313"
 #"\200\266m\31\206\16c\246\354\356\346\250"
 #"\353\272d\271j\351z\313`#''\217(\313\32\205\310\315\03535w1d"
 #"7\300v8\e\220\204\254\5\4\f\316\21\275gww\27\244\30E\321\250\346\0"
 #"9n\306\255\327\35\322h\\\f\234>"
 #">\303Z\233\247Q\212\250\333\307\317\377"
 #"p6\233\261\277\267\307t2\241\252\32BHx\27\21\2433>\235\3550\235\356"
 #"d\307\322;\226\253+\354\320SU\6!$UQ!\205\246\357z\334\340G\235"
 #"`HIdX\220\22\251%\203\35X\265k\6; \244@i\205'\22\25\f"
 #"n\300\247@Q\25$\231w'u\3234[\332\343\234\316\24Z\e\304\310\271R"
 #"\312\210\277\261Ug\263\31RJV\335\212\253\305\234"
 #"f\262C\32\347\217R\206\24\"}gG\235!QF"
) 500
(
 #"#bD\245@Q\226[\370\330\320*]\30\254s\244\230\267\4LY\220\254E"
 #"\32\215\336X\\\316{\372a\240n\312\355\336g\b\201a\350i\232\6c\f\326"
 #"Z\372\276'\306HSV\320h\326\355"
 #"@\212\31\361\233\262\302\371\1\37,\241u\331llW[V\"\204`2\231 "
 #"\345\2708\212\202\343\317\275@\"\303\310"
 #"\341\341!\0\37|\360\1\367\356\376\32"
 #"=\231Lr\223\216\236\332\377\313\253\232\246agg\a\255uVc\327\324\227H"
 #"d\272\344\342\330\2535UUm\345aJ\t\347,\323\351\224\331lF]\327\24"
 #"F\217\216\322\204\252\256\21\205\301\24\5"
 #"UYR\327\365\350\21V\354\356\356\242"
 #"}\b\231;\215e\354\272\254\2226\204"
 #"\317\30\275\335\210\3\330\333\333\e\347\242"
 #"\245m{\6\27Y\257;V\313\5\336"
 #"\r\2714\306\200\312b\306\206\230\221_"
 #"\346\355\365\256\37\30\254\313\223\204D\354"
 #"`o\377\20\247\"\353\363K\206\256\307"
 #"\273\310\356\336\1\272\353\272m\312\235s"
 #"y\3459\267U\3611\206-\317\222Rn\337j:m2\274\224\23.\26W\234"
 #"\237?a\275\316\2733\325\210\364!\4vww\230\315f\333\361\2277\3774\263"
 #"\331\224f6CH\315lg\a\357=m\333\322\255\333g\333\6\315l:n{"
 #"\v\264s\310\216\255\265\220\355\207\"\227"
 #"i\260\364m\307\374\342\222\263\323O\331"
 #"\331\235\262\273w\300\356\356\36\223\252$"
 #"\356\354ryyI7r\300\242\310L"
 #"\246\357\373\261\274.\223\206\302\3204\r"
 #"\336\347\322Wu\301\331\331\23NOO"
 #"\271\270\270\300\30\303t:\315/c\214"
 #"\331r\250M\237m\6\363\346\367\316\271mI\225R\364}O\327\2579;\375\224"
 #"\345b\311\356\336\301V\304\0H\243\331\240@]\227\333{\204\0200\243("
 #"Z\257\327X\37y\374\344\222\363\313\v\236>}\212\326\331(\207|\314C\17"
) 500
(
 #"\303\260\r\3069GH\t\2515\214\333\332UU\216\300)\266{\366u]\23\274"
 #"\305\213\\\242\365\352j\3046\305lg"
 #"BJ\211\322(\352\272\246\e\334\26X"
 #"\353\272\246\236\24\200\344\362r\301\272\373"
 #"\224\323\263\307\f\326SU\25\267n\335"
 #"\2420\25\336\5\226\355\32\275\241\304\327"
 #"9\274\367\36\266\36\311\350,\311\274`6\272\240,Kt\310\a<\2646\24\243"
 #"\215\341\275gpv;\37\245\314F\367\6N\254\265,\227KV\253\25\313u\207"
 #"\30\0316\200s\231\325H)\363\375\223"
 #"\200\20C\26'J\202#\337\24r\337\304\204\22\271\324Je\333\2530\206XU"
 #"\244\224\350{\213\222\202B\347~\332\36"
 #"\301\360\371P\2132y+}\3\364\275"
 #"\35\262%\273\356\351\235\245\231\316\320\332"
 #"\240\313\222$%6\4\264\20h\255\321B\210g\247\21F\257-\215\fc\3/"
 #"\327\265\244\30ag\323\360\336\217\16{"
 #"\214\333\355'o\f\3030\320\r=u"
 #"\222\3641b\255\315\16\201\35\266\347F\252\252B 1\305X\211Q\261m2\251"
 #"#\331\341U#!\334\32\205cp\244,p\214\3268k\221\t\264\220\b\225\341"
 #"'\225Y\354\244\340\361AR\230r{"
 #"\310\240\e\372\254\244\234\307\216[\3\316"
 #"\307\254gT\256\2242\32U<c\307\e\310\22R\2427\301\210QQe\3405"
 #"\20\363q\212b|\233MV7\254v\3?M\323<;E3\272\1\245)\306"
 #"\275\213\1km\36\205\2430\337\300T"
 #"\24\200x\346\226\246\224\17\275l*h"
 #"\264Fn\36\214\314\373\366\221\264}\360"
 #"\346\342MI\257o\37m\26\221\36\267\3367\220\24S \21\267\245\337\370( "
 #"\21Bm\27\336&)\326Z\4\n\243KH\22;x\372\316b\255Gk)\363"
 #"\326k\24\204\340>\203o\326Zb]o\323\35B"
 #"\200\260\331\271\31K\200\332*\374M\340\e]+\245\244"
) 372
(
 #"\256\353mO\366\316\343\254%\246\224\1"
 #"\271\24\f\203\315s\2674x\237\247\224"
 #"\267=1y\264\22 \244\310\262M\200\220\222a\350\30\206~\313f7Gy\212"
 #"\242\310%\34If>{\264\32\25z\206!U\230q\341\0$R\364\264C?"
 #"\256\330|TMk\315\244\251p\301c"
 #"\244`\177o\206\326\331'\336\333\335\331"
 #"fW\313\361`\225\226\2\242|fe\205\bR}\246\244[\245?f(\204\200"
 #"\210\e?Ml\257\333\224\\J\231W\251\363D\255Q\352\331\376X~\243\204$"
 #"\22\234E2\266\314\210{1F\364f\310o\277pm\310oz/\37\311H\333"
 #"\300\257\a'S\34\277\377\331\303y\233"
 #"{l-\333\361\263y\316\246\32\332h\374\330\333\e\252\245u6\275\365f$]"
 #"\277\351u,\333L\f1\222\317t-\310M\37\346E\363,\273\336\373|\32q"
 #"$\225q\233\335g>\334\346\247\252\252"
 #"\355\377o\276\273\311\270\336\244\371z9"
 #"\256\277i\246\357.o\227_\373\375&"
 #"\v\233\214\n\21?s\37\256\275\340\2068l^n\263\2006\301\245\224(\306y"
 #"\36}\0\25\31\206\1YU\3253\30\270V\262MP\233\277ox\377\377\257\5"
 #"\256\273K\327\263\263\271~\23\330\346\32"
 #"\2555\345\310|\2151\331f3f[\301\30#\3169\376/"
 #"\213\302Z\227~6N\3\0\0\0\0IEND\256B`\202"
) 0 0 24 3 1 #" "
0 0 21 3 2 #"50"
0 0 24 3 1 #" "
0 0 21 3 2 #"50"
0 0 24 3 2 #" ("
0 0 14 3 11 #"empty-scene"
0 0 24 3 1 #" "
0 0 21 3 3 #"200"
0 0 24 3 1 #" "
0 0 21 3 3 #"100"
0 0 24 3 2 #"))"
0 0 24 29 1 #"\n"
0 0 24 3 4 #"    "
0           0
